max = 45.000000
min = 22.000000
srednia = 30.000000
